<!DOCTYPE html>
<html>
<head>
<meta charset="utf-8"/>
<script src="lib/htmlwidgets-1.0/htmlwidgets.js"></script>
<link href="lib/rglwidgetClass-2/rgl.css" rel="stylesheet" />
<script src="lib/rglwidgetClass-2/rglClass.src.js"></script>
<script src="lib/CanvasMatrix4-2016/CanvasMatrix.src.js"></script>
<script src="lib/rglWebGL-binding-0.99.16/rglWebGL.js"></script>
<script src="lib/jquery-1.11.3/jquery.min.js"></script>
<link href="lib/crosstalk-1.0.0/css/crosstalk.css" rel="stylesheet" />
<script src="lib/crosstalk-1.0.0/js/crosstalk.min.js"></script>

</head>
<body style="background-color:white;">
<div id="htmlwidget_container">
  <div id="rgl90581" style="width:960px;height:500px;" class="rglWebGL html-widget"></div>
</div>
<script type="application/json" data-for="rgl90581">{"x":{"material":{"color":"#000000","alpha":1,"lit":true,"ambient":"#000000","specular":"#FFFFFF","emission":"#000000","shininess":50,"smooth":true,"front":"filled","back":"filled","size":3,"lwd":1,"fog":false,"point_antialias":false,"line_antialias":false,"texture":null,"textype":"rgb","texmipmap":false,"texminfilter":"linear","texmagfilter":"linear","texenvmap":false,"depth_mask":true,"depth_test":"less","isTransparent":false},"rootSubscene":243,"objects":{"265":{"id":265,"type":"text","material":{"lit":false},"vertices":[[0,0,0]],"colors":[[0,0,0,1]],"texts":[["tetrahedron3d"]],"cex":[[1]],"adj":[[0.5,0.5]],"centers":[[0,0,0]],"family":[["sans"]],"font":[[1]],"ignoreExtent":false,"flags":2064},"247":{"id":247,"type":"light","vertices":[[0,0,1]],"colors":[[1,1,1,1],[1,1,1,1],[1,1,1,1]],"viewpoint":true,"finite":false},"246":{"id":246,"type":"background","material":{"fog":true},"colors":[[0.298039227724075,0.298039227724075,0.298039227724075,1]],"centers":[[0,0,0]],"sphere":false,"fogtype":"none","flags":0},"248":{"id":248,"type":"background","material":{"lit":false,"back":"lines"},"colors":[[1,1,1,1]],"centers":[[0,0,0]],"sphere":false,"fogtype":"none","flags":0},"249":{"id":249,"type":"subscene","par3d":{"antialias":8,"FOV":30,"ignoreExtent":false,"listeners":249,"mouseMode":{"left":"trackball","right":"zoom","middle":"fov","wheel":"pull"},"observer":[0,0,3.86370325088501],"modelMatrix":[[1,0,0,0],[0,0.342020153999329,0.939692616462708,0],[0,-0.939692616462708,0.342020153999329,-3.86370325088501],[0,0,0,1]],"projMatrix":[[1.86602544784546,0,0,0],[0,3.73205089569092,0,0],[0,0,-3.86370325088501,-13.9282026290894],[0,0,-1,0]],"skipRedraw":false,"userMatrix":[[1,0,0,0],[0,0.342020143325668,0.939692620785909,0],[0,-0.939692620785909,0.342020143325668,0],[0,0,0,1]],"scale":[1,1,1],"viewport":{"x":0,"y":0.875,"width":0.25,"height":0.125},"zoom":1,"bbox":[0,0,0,0,0,0],"windowRect":[-775,723,-519,979],"family":"sans","font":1,"cex":1,"useFreeType":false,"fontname":"TT Arial","maxClipPlanes":8,"glVersion":4.59999990463257},"embeddings":{"viewport":"replace","projection":"replace","model":"replace"},"objects":[265,247],"parent":243,"subscenes":[],"flags":2576},"250":{"id":250,"type":"subscene","par3d":{"antialias":8,"FOV":30,"ignoreExtent":false,"listeners":250,"mouseMode":{"left":"trackball","right":"zoom","middle":"fov","wheel":"pull"},"observer":[0,0,3.86370325088501],"modelMatrix":[[1,0,0,0],[0,0.342020153999329,0.939692616462708,0],[0,-0.939692616462708,0.342020153999329,-3.86370325088501],[0,0,0,1]],"projMatrix":[[3.73205089569092,0,0,0],[0,2.48803377151489,0,0],[0,0,-3.86370325088501,-13.9282026290894],[0,0,-1,0]],"skipRedraw":false,"userMatrix":[[1,0,0,0],[0,0.342020143325668,0.939692620785909,0],[0,-0.939692620785909,0.342020143325668,0],[0,0,0,1]],"scale":[1,1,1],"viewport":{"x":0,"y":0.5,"width":0.25,"height":0.375},"zoom":1,"bbox":[3.40282346638529e+038,-3.40282346638529e+038,3.40282346638529e+038,-3.40282346638529e+038,3.40282346638529e+038,-3.40282346638529e+038],"windowRect":[-775,723,-519,979],"family":"sans","font":1,"cex":1,"useFreeType":false,"fontname":"TT Arial","maxClipPlanes":8,"glVersion":4.59999990463257},"embeddings":{"viewport":"replace","projection":"replace","model":"replace"},"objects":247,"parent":243,"subscenes":[],"flags":512},"251":{"id":251,"type":"subscene","par3d":{"antialias":8,"FOV":30,"ignoreExtent":false,"listeners":251,"mouseMode":{"left":"trackball","right":"zoom","middle":"fov","wheel":"pull"},"observer":[0,0,3.86370325088501],"modelMatrix":[[1,0,0,0],[0,0.342020153999329,0.939692616462708,0],[0,-0.939692616462708,0.342020153999329,-3.86370325088501],[0,0,0,1]],"projMatrix":[[1.86602544784546,0,0,0],[0,3.73205089569092,0,0],[0,0,-3.86370325088501,-13.9282026290894],[0,0,-1,0]],"skipRedraw":false,"userMatrix":[[1,0,0,0],[0,0.342020143325668,0.939692620785909,0],[0,-0.939692620785909,0.342020143325668,0],[0,0,0,1]],"scale":[1,1,1],"viewport":{"x":0,"y":0.375,"width":0.25,"height":0.125},"zoom":1,"bbox":[3.40282346638529e+038,-3.40282346638529e+038,3.40282346638529e+038,-3.40282346638529e+038,3.40282346638529e+038,-3.40282346638529e+038],"windowRect":[-775,723,-519,979],"family":"sans","font":1,"cex":1,"useFreeType":false,"fontname":"TT Arial","maxClipPlanes":8,"glVersion":4.59999990463257},"embeddings":{"viewport":"replace","projection":"replace","model":"replace"},"objects":247,"parent":243,"subscenes":[],"flags":512},"252":{"id":252,"type":"subscene","par3d":{"antialias":8,"FOV":30,"ignoreExtent":false,"listeners":252,"mouseMode":{"left":"trackball","right":"zoom","middle":"fov","wheel":"pull"},"observer":[0,0,3.86370325088501],"modelMatrix":[[1,0,0,0],[0,0.342020153999329,0.939692616462708,0],[0,-0.939692616462708,0.342020153999329,-3.86370325088501],[0,0,0,1]],"projMatrix":[[3.73205089569092,0,0,0],[0,2.48803377151489,0,0],[0,0,-3.86370325088501,-13.9282026290894],[0,0,-1,0]],"skipRedraw":false,"userMatrix":[[1,0,0,0],[0,0.342020143325668,0.939692620785909,0],[0,-0.939692620785909,0.342020143325668,0],[0,0,0,1]],"scale":[1,1,1],"viewport":{"x":0,"y":0,"width":0.25,"height":0.375},"zoom":1,"bbox":[3.40282346638529e+038,-3.40282346638529e+038,3.40282346638529e+038,-3.40282346638529e+038,3.40282346638529e+038,-3.40282346638529e+038],"windowRect":[-775,723,-519,979],"family":"sans","font":1,"cex":1,"useFreeType":false,"fontname":"TT Arial","maxClipPlanes":8,"glVersion":4.59999990463257},"embeddings":{"viewport":"replace","projection":"replace","model":"replace"},"objects":247,"parent":243,"subscenes":[],"flags":512},"253":{"id":253,"type":"subscene","par3d":{"antialias":8,"FOV":30,"ignoreExtent":false,"listeners":253,"mouseMode":{"left":"trackball","right":"zoom","middle":"fov","wheel":"pull"},"observer":[0,0,3.86370325088501],"modelMatrix":[[1,0,0,0],[0,0.342020153999329,0.939692616462708,0],[0,-0.939692616462708,0.342020153999329,-3.86370325088501],[0,0,0,1]],"projMatrix":[[1.86602544784546,0,0,0],[0,3.73205089569092,0,0],[0,0,-3.86370325088501,-13.9282026290894],[0,0,-1,0]],"skipRedraw":false,"userMatrix":[[1,0,0,0],[0,0.342020143325668,0.939692620785909,0],[0,-0.939692620785909,0.342020143325668,0],[0,0,0,1]],"scale":[1,1,1],"viewport":{"x":0.25,"y":0.875,"width":0.25,"height":0.125},"zoom":1,"bbox":[3.40282346638529e+038,-3.40282346638529e+038,3.40282346638529e+038,-3.40282346638529e+038,3.40282346638529e+038,-3.40282346638529e+038],"windowRect":[-775,723,-519,979],"family":"sans","font":1,"cex":1,"useFreeType":false,"fontname":"TT Arial","maxClipPlanes":8,"glVersion":4.59999990463257},"embeddings":{"viewport":"replace","projection":"replace","model":"replace"},"objects":247,"parent":243,"subscenes":[],"flags":512},"254":{"id":254,"type":"subscene","par3d":{"antialias":8,"FOV":30,"ignoreExtent":false,"listeners":254,"mouseMode":{"left":"trackball","right":"zoom","middle":"fov","wheel":"pull"},"observer":[0,0,3.86370325088501],"modelMatrix":[[1,0,0,0],[0,0.342020153999329,0.939692616462708,0],[0,-0.939692616462708,0.342020153999329,-3.86370325088501],[0,0,0,1]],"projMatrix":[[3.73205089569092,0,0,0],[0,2.48803377151489,0,0],[0,0,-3.86370325088501,-13.9282026290894],[0,0,-1,0]],"skipRedraw":false,"userMatrix":[[1,0,0,0],[0,0.342020143325668,0.939692620785909,0],[0,-0.939692620785909,0.342020143325668,0],[0,0,0,1]],"scale":[1,1,1],"viewport":{"x":0.25,"y":0.5,"width":0.25,"height":0.375},"zoom":1,"bbox":[3.40282346638529e+038,-3.40282346638529e+038,3.40282346638529e+038,-3.40282346638529e+038,3.40282346638529e+038,-3.40282346638529e+038],"windowRect":[-775,723,-519,979],"family":"sans","font":1,"cex":1,"useFreeType":false,"fontname":"TT Arial","maxClipPlanes":8,"glVersion":4.59999990463257},"embeddings":{"viewport":"replace","projection":"replace","model":"replace"},"objects":247,"parent":243,"subscenes":[],"flags":512},"255":{"id":255,"type":"subscene","par3d":{"antialias":8,"FOV":30,"ignoreExtent":false,"listeners":255,"mouseMode":{"left":"trackball","right":"zoom","middle":"fov","wheel":"pull"},"observer":[0,0,3.86370325088501],"modelMatrix":[[1,0,0,0],[0,0.342020153999329,0.939692616462708,0],[0,-0.939692616462708,0.342020153999329,-3.86370325088501],[0,0,0,1]],"projMatrix":[[1.86602544784546,0,0,0],[0,3.73205089569092,0,0],[0,0,-3.86370325088501,-13.9282026290894],[0,0,-1,0]],"skipRedraw":false,"userMatrix":[[1,0,0,0],[0,0.342020143325668,0.939692620785909,0],[0,-0.939692620785909,0.342020143325668,0],[0,0,0,1]],"scale":[1,1,1],"viewport":{"x":0.25,"y":0.375,"width":0.25,"height":0.125},"zoom":1,"bbox":[3.40282346638529e+038,-3.40282346638529e+038,3.40282346638529e+038,-3.40282346638529e+038,3.40282346638529e+038,-3.40282346638529e+038],"windowRect":[-775,723,-519,979],"family":"sans","font":1,"cex":1,"useFreeType":false,"fontname":"TT Arial","maxClipPlanes":8,"glVersion":4.59999990463257},"embeddings":{"viewport":"replace","projection":"replace","model":"replace"},"objects":247,"parent":243,"subscenes":[],"flags":512},"256":{"id":256,"type":"subscene","par3d":{"antialias":8,"FOV":30,"ignoreExtent":false,"listeners":256,"mouseMode":{"left":"trackball","right":"zoom","middle":"fov","wheel":"pull"},"observer":[0,0,3.86370325088501],"modelMatrix":[[1,0,0,0],[0,0.342020153999329,0.939692616462708,0],[0,-0.939692616462708,0.342020153999329,-3.86370325088501],[0,0,0,1]],"projMatrix":[[3.73205089569092,0,0,0],[0,2.48803377151489,0,0],[0,0,-3.86370325088501,-13.9282026290894],[0,0,-1,0]],"skipRedraw":false,"userMatrix":[[1,0,0,0],[0,0.342020143325668,0.939692620785909,0],[0,-0.939692620785909,0.342020143325668,0],[0,0,0,1]],"scale":[1,1,1],"viewport":{"x":0.25,"y":0,"width":0.25,"height":0.375},"zoom":1,"bbox":[3.40282346638529e+038,-3.40282346638529e+038,3.40282346638529e+038,-3.40282346638529e+038,3.40282346638529e+038,-3.40282346638529e+038],"windowRect":[-775,723,-519,979],"family":"sans","font":1,"cex":1,"useFreeType":false,"fontname":"TT Arial","maxClipPlanes":8,"glVersion":4.59999990463257},"embeddings":{"viewport":"replace","projection":"replace","model":"replace"},"objects":247,"parent":243,"subscenes":[],"flags":512},"257":{"id":257,"type":"subscene","par3d":{"antialias":8,"FOV":30,"ignoreExtent":false,"listeners":257,"mouseMode":{"left":"trackball","right":"zoom","middle":"fov","wheel":"pull"},"observer":[0,0,3.86370325088501],"modelMatrix":[[1,0,0,0],[0,0.342020153999329,0.939692616462708,0],[0,-0.939692616462708,0.342020153999329,-3.86370325088501],[0,0,0,1]],"projMatrix":[[1.86602544784546,0,0,0],[0,3.73205089569092,0,0],[0,0,-3.86370325088501,-13.9282026290894],[0,0,-1,0]],"skipRedraw":false,"userMatrix":[[1,0,0,0],[0,0.342020143325668,0.939692620785909,0],[0,-0.939692620785909,0.342020143325668,0],[0,0,0,1]],"scale":[1,1,1],"viewport":{"x":0.5,"y":0.875,"width":0.25,"height":0.125},"zoom":1,"bbox":[3.40282346638529e+038,-3.40282346638529e+038,3.40282346638529e+038,-3.40282346638529e+038,3.40282346638529e+038,-3.40282346638529e+038],"windowRect":[-775,723,-519,979],"family":"sans","font":1,"cex":1,"useFreeType":false,"fontname":"TT Arial","maxClipPlanes":8,"glVersion":4.59999990463257},"embeddings":{"viewport":"replace","projection":"replace","model":"replace"},"objects":247,"parent":243,"subscenes":[],"flags":512},"258":{"id":258,"type":"subscene","par3d":{"antialias":8,"FOV":30,"ignoreExtent":false,"listeners":258,"mouseMode":{"left":"trackball","right":"zoom","middle":"fov","wheel":"pull"},"observer":[0,0,3.86370325088501],"modelMatrix":[[1,0,0,0],[0,0.342020153999329,0.939692616462708,0],[0,-0.939692616462708,0.342020153999329,-3.86370325088501],[0,0,0,1]],"projMatrix":[[3.73205089569092,0,0,0],[0,2.48803377151489,0,0],[0,0,-3.86370325088501,-13.9282026290894],[0,0,-1,0]],"skipRedraw":false,"userMatrix":[[1,0,0,0],[0,0.342020143325668,0.939692620785909,0],[0,-0.939692620785909,0.342020143325668,0],[0,0,0,1]],"scale":[1,1,1],"viewport":{"x":0.5,"y":0.5,"width":0.25,"height":0.375},"zoom":1,"bbox":[3.40282346638529e+038,-3.40282346638529e+038,3.40282346638529e+038,-3.40282346638529e+038,3.40282346638529e+038,-3.40282346638529e+038],"windowRect":[-775,723,-519,979],"family":"sans","font":1,"cex":1,"useFreeType":false,"fontname":"TT Arial","maxClipPlanes":8,"glVersion":4.59999990463257},"embeddings":{"viewport":"replace","projection":"replace","model":"replace"},"objects":247,"parent":243,"subscenes":[],"flags":512},"259":{"id":259,"type":"subscene","par3d":{"antialias":8,"FOV":30,"ignoreExtent":false,"listeners":259,"mouseMode":{"left":"trackball","right":"zoom","middle":"fov","wheel":"pull"},"observer":[0,0,3.86370325088501],"modelMatrix":[[1,0,0,0],[0,0.342020153999329,0.939692616462708,0],[0,-0.939692616462708,0.342020153999329,-3.86370325088501],[0,0,0,1]],"projMatrix":[[1.86602544784546,0,0,0],[0,3.73205089569092,0,0],[0,0,-3.86370325088501,-13.9282026290894],[0,0,-1,0]],"skipRedraw":false,"userMatrix":[[1,0,0,0],[0,0.342020143325668,0.939692620785909,0],[0,-0.939692620785909,0.342020143325668,0],[0,0,0,1]],"scale":[1,1,1],"viewport":{"x":0.5,"y":0.375,"width":0.25,"height":0.125},"zoom":1,"bbox":[3.40282346638529e+038,-3.40282346638529e+038,3.40282346638529e+038,-3.40282346638529e+038,3.40282346638529e+038,-3.40282346638529e+038],"windowRect":[-775,723,-519,979],"family":"sans","font":1,"cex":1,"useFreeType":false,"fontname":"TT Arial","maxClipPlanes":8,"glVersion":4.59999990463257},"embeddings":{"viewport":"replace","projection":"replace","model":"replace"},"objects":247,"parent":243,"subscenes":[],"flags":512},"260":{"id":260,"type":"subscene","par3d":{"antialias":8,"FOV":30,"ignoreExtent":false,"listeners":260,"mouseMode":{"left":"trackball","right":"zoom","middle":"fov","wheel":"pull"},"observer":[0,0,3.86370325088501],"modelMatrix":[[1,0,0,0],[0,0.342020153999329,0.939692616462708,0],[0,-0.939692616462708,0.342020153999329,-3.86370325088501],[0,0,0,1]],"projMatrix":[[3.73205089569092,0,0,0],[0,2.48803377151489,0,0],[0,0,-3.86370325088501,-13.9282026290894],[0,0,-1,0]],"skipRedraw":false,"userMatrix":[[1,0,0,0],[0,0.342020143325668,0.939692620785909,0],[0,-0.939692620785909,0.342020143325668,0],[0,0,0,1]],"scale":[1,1,1],"viewport":{"x":0.5,"y":0,"width":0.25,"height":0.375},"zoom":1,"bbox":[3.40282346638529e+038,-3.40282346638529e+038,3.40282346638529e+038,-3.40282346638529e+038,3.40282346638529e+038,-3.40282346638529e+038],"windowRect":[-775,723,-519,979],"family":"sans","font":1,"cex":1,"useFreeType":false,"fontname":"TT Arial","maxClipPlanes":8,"glVersion":4.59999990463257},"embeddings":{"viewport":"replace","projection":"replace","model":"replace"},"objects":247,"parent":243,"subscenes":[],"flags":512},"261":{"id":261,"type":"subscene","par3d":{"antialias":8,"FOV":30,"ignoreExtent":false,"listeners":261,"mouseMode":{"left":"trackball","right":"zoom","middle":"fov","wheel":"pull"},"observer":[0,0,3.86370325088501],"modelMatrix":[[1,0,0,0],[0,0.342020153999329,0.939692616462708,0],[0,-0.939692616462708,0.342020153999329,-3.86370325088501],[0,0,0,1]],"projMatrix":[[1.86602544784546,0,0,0],[0,3.73205089569092,0,0],[0,0,-3.86370325088501,-13.9282026290894],[0,0,-1,0]],"skipRedraw":false,"userMatrix":[[1,0,0,0],[0,0.342020143325668,0.939692620785909,0],[0,-0.939692620785909,0.342020143325668,0],[0,0,0,1]],"scale":[1,1,1],"viewport":{"x":0.75,"y":0.875,"width":0.25,"height":0.125},"zoom":1,"bbox":[3.40282346638529e+038,-3.40282346638529e+038,3.40282346638529e+038,-3.40282346638529e+038,3.40282346638529e+038,-3.40282346638529e+038],"windowRect":[-775,723,-519,979],"family":"sans","font":1,"cex":1,"useFreeType":false,"fontname":"TT Arial","maxClipPlanes":8,"glVersion":4.59999990463257},"embeddings":{"viewport":"replace","projection":"replace","model":"replace"},"objects":247,"parent":243,"subscenes":[],"flags":512},"262":{"id":262,"type":"subscene","par3d":{"antialias":8,"FOV":30,"ignoreExtent":false,"listeners":262,"mouseMode":{"left":"trackball","right":"zoom","middle":"fov","wheel":"pull"},"observer":[0,0,3.86370325088501],"modelMatrix":[[1,0,0,0],[0,0.342020153999329,0.939692616462708,0],[0,-0.939692616462708,0.342020153999329,-3.86370325088501],[0,0,0,1]],"projMatrix":[[3.73205089569092,0,0,0],[0,2.48803377151489,0,0],[0,0,-3.86370325088501,-13.9282026290894],[0,0,-1,0]],"skipRedraw":false,"userMatrix":[[1,0,0,0],[0,0.342020143325668,0.939692620785909,0],[0,-0.939692620785909,0.342020143325668,0],[0,0,0,1]],"scale":[1,1,1],"viewport":{"x":0.75,"y":0.5,"width":0.25,"height":0.375},"zoom":1,"bbox":[3.40282346638529e+038,-3.40282346638529e+038,3.40282346638529e+038,-3.40282346638529e+038,3.40282346638529e+038,-3.40282346638529e+038],"windowRect":[-775,723,-519,979],"family":"sans","font":1,"cex":1,"useFreeType":false,"fontname":"TT Arial","maxClipPlanes":8,"glVersion":4.59999990463257},"embeddings":{"viewport":"replace","projection":"replace","model":"replace"},"objects":247,"parent":243,"subscenes":[],"flags":512},"263":{"id":263,"type":"subscene","par3d":{"antialias":8,"FOV":30,"ignoreExtent":false,"listeners":263,"mouseMode":{"left":"trackball","right":"zoom","middle":"fov","wheel":"pull"},"observer":[0,0,3.86370325088501],"modelMatrix":[[1,0,0,0],[0,0.342020153999329,0.939692616462708,0],[0,-0.939692616462708,0.342020153999329,-3.86370325088501],[0,0,0,1]],"projMatrix":[[1.86602544784546,0,0,0],[0,3.73205089569092,0,0],[0,0,-3.86370325088501,-13.9282026290894],[0,0,-1,0]],"skipRedraw":false,"userMatrix":[[1,0,0,0],[0,0.342020143325668,0.939692620785909,0],[0,-0.939692620785909,0.342020143325668,0],[0,0,0,1]],"scale":[1,1,1],"viewport":{"x":0.75,"y":0.375,"width":0.25,"height":0.125},"zoom":1,"bbox":[3.40282346638529e+038,-3.40282346638529e+038,3.40282346638529e+038,-3.40282346638529e+038,3.40282346638529e+038,-3.40282346638529e+038],"windowRect":[-775,723,-519,979],"family":"sans","font":1,"cex":1,"useFreeType":false,"fontname":"TT Arial","maxClipPlanes":8,"glVersion":4.59999990463257},"embeddings":{"viewport":"replace","projection":"replace","model":"replace"},"objects":247,"parent":243,"subscenes":[],"flags":512},"264":{"id":264,"type":"subscene","par3d":{"antialias":8,"FOV":30,"ignoreExtent":false,"listeners":264,"mouseMode":{"left":"trackball","right":"zoom","middle":"fov","wheel":"pull"},"observer":[0,0,3.86370325088501],"modelMatrix":[[1,0,0,0],[0,0.342020153999329,0.939692616462708,0],[0,-0.939692616462708,0.342020153999329,-3.86370325088501],[0,0,0,1]],"projMatrix":[[3.73205089569092,0,0,0],[0,2.48803377151489,0,0],[0,0,-3.86370325088501,-13.9282026290894],[0,0,-1,0]],"skipRedraw":false,"userMatrix":[[1,0,0,0],[0,0.342020143325668,0.939692620785909,0],[0,-0.939692620785909,0.342020143325668,0],[0,0,0,1]],"scale":[1,1,1],"viewport":{"x":0.75,"y":0,"width":0.25,"height":0.375},"zoom":1,"bbox":[3.40282346638529e+038,-3.40282346638529e+038,3.40282346638529e+038,-3.40282346638529e+038,3.40282346638529e+038,-3.40282346638529e+038],"windowRect":[-775,723,-519,979],"family":"sans","font":1,"cex":1,"useFreeType":false,"fontname":"TT Arial","maxClipPlanes":8,"glVersion":4.59999990463257},"embeddings":{"viewport":"replace","projection":"replace","model":"replace"},"objects":247,"parent":243,"subscenes":[],"flags":512},"243":{"id":243,"type":"subscene","par3d":{"antialias":8,"FOV":30,"ignoreExtent":false,"listeners":243,"mouseMode":{"left":"trackball","right":"zoom","middle":"fov","wheel":"pull"},"observer":[0,0,3.86370325088501],"modelMatrix":[[1,0,0,0],[0,0.342020153999329,0.939692616462708,0],[0,-0.939692616462708,0.342020153999329,-3.86370325088501],[0,0,0,1]],"projMatrix":[[3.73205089569092,0,0,0],[0,3.73205089569092,0,0],[0,0,-3.86370325088501,-13.9282026290894],[0,0,-1,0]],"skipRedraw":false,"userMatrix":[[1,0,0,0],[0,0.342020143325668,0.939692620785909,0],[0,-0.939692620785909,0.342020143325668,0],[0,0,0,1]],"scale":[1,1,1],"viewport":{"x":0,"y":0,"width":1,"height":1},"zoom":1,"bbox":[3.40282346638529e+038,-3.40282346638529e+038,3.40282346638529e+038,-3.40282346638529e+038,3.40282346638529e+038,-3.40282346638529e+038],"windowRect":[-775,723,-519,979],"family":"sans","font":1,"cex":1,"useFreeType":false,"fontname":"TT Arial","maxClipPlanes":8,"glVersion":4.59999990463257},"embeddings":{"viewport":"replace","projection":"replace","model":"replace"},"objects":[248,247,249,250,251,252,253,254,255,256,257,258,259,260,261,262,263,264],"subscenes":[249,250,251,252,253,254,255,256,257,258,259,260,261,262,263,264],"flags":2576},"272":{"id":272,"type":"linestrip","material":{"alpha":0.498039215803146,"lit":false,"depth_test":"always","isTransparent":true},"vertices":[[0,0,-0.999000012874603],[1,0,-0.999000012874603],[1,1,-0.999000012874603],[0,1,-0.999000012874603],[0,0,-0.999000012874603]],"colors":[[0,0,0,0.498039215803146]],"centers":[[0,0,-0.999000012874603],[1,0,-0.999000012874603],[1,1,-0.999000012874603],[0,1,-0.999000012874603],[0,0,-0.999000012874603]],"ignoreExtent":false,"flags":32864}},"crosstalk":{"key":[null],"group":"","id":0,"options":[null]},"width":257,"height":257,"brushId":272,"sphereVerts":{"vb":[[0,0,0,0,0,0,0,0,0,0,0,0,0,0,0,0,0,0,0.0746578340503426,0.146446609406726,0.212607523691814,0.270598050073099,0.318189645143208,0.353553390593274,0.375330277517865,0.38268343236509,0.375330277517865,0.353553390593274,0.318189645143208,0.270598050073099,0.212607523691814,0.146446609406726,0.0746578340503426,0,0,0.137949689641472,0.270598050073099,0.392847479193551,0.5,0.587937801209679,0.653281482438188,0.693519922661074,0.707106781186547,0.693519922661074,0.653281482438188,0.587937801209679,0.5,0.392847479193551,0.270598050073099,0.137949689641472,0,0,0.180239955501737,0.353553390593274,0.513279967159337,0.653281482438188,0.768177756711416,0.853553390593274,0.906127446352888,0.923879532511287,0.906127446352888,0.853553390593274,0.768177756711416,0.653281482438188,0.513279967159337,0.353553390593274,0.180239955501737,0,0,0.195090322016128,0.38268343236509,0.555570233019602,0.707106781186548,0.831469612302545,0.923879532511287,0.98078528040323,1,0.98078528040323,0.923879532511287,0.831469612302545,0.707106781186548,0.555570233019602,0.38268343236509,0.195090322016128,0,0,0.180239955501737,0.353553390593274,0.513279967159337,0.653281482438188,0.768177756711416,0.853553390593274,0.906127446352888,0.923879532511287,0.906127446352888,0.853553390593274,0.768177756711416,0.653281482438188,0.513279967159337,0.353553390593274,0.180239955501737,0,0,0.137949689641472,0.270598050073099,0.392847479193551,0.5,0.587937801209679,0.653281482438188,0.693519922661074,0.707106781186548,0.693519922661074,0.653281482438188,0.587937801209679,0.5,0.392847479193551,0.270598050073099,0.137949689641472,0,0,0.0746578340503427,0.146446609406726,0.212607523691814,0.270598050073099,0.318189645143209,0.353553390593274,0.375330277517865,0.38268343236509,0.375330277517865,0.353553390593274,0.318189645143209,0.270598050073099,0.212607523691814,0.146446609406726,0.0746578340503427,0,0,0,0,0,0,0,0,0,0,0,0,0,0,0,0,0,0,-0,-0.0746578340503427,-0.146446609406726,-0.212607523691814,-0.270598050073099,-0.318189645143209,-0.353553390593274,-0.375330277517865,-0.38268343236509,-0.375330277517865,-0.353553390593274,-0.318189645143209,-0.270598050073099,-0.212607523691814,-0.146446609406726,-0.0746578340503427,-0,-0,-0.137949689641472,-0.270598050073099,-0.392847479193551,-0.5,-0.587937801209679,-0.653281482438188,-0.693519922661074,-0.707106781186548,-0.693519922661074,-0.653281482438188,-0.587937801209679,-0.5,-0.392847479193551,-0.270598050073099,-0.137949689641472,-0,-0,-0.180239955501737,-0.353553390593274,-0.513279967159337,-0.653281482438188,-0.768177756711416,-0.853553390593274,-0.906127446352888,-0.923879532511287,-0.906127446352888,-0.853553390593274,-0.768177756711416,-0.653281482438188,-0.513279967159337,-0.353553390593274,-0.180239955501737,-0,-0,-0.195090322016128,-0.38268343236509,-0.555570233019602,-0.707106781186548,-0.831469612302545,-0.923879532511287,-0.98078528040323,-1,-0.98078528040323,-0.923879532511287,-0.831469612302545,-0.707106781186548,-0.555570233019602,-0.38268343236509,-0.195090322016128,-0,-0,-0.180239955501737,-0.353553390593274,-0.513279967159337,-0.653281482438188,-0.768177756711416,-0.853553390593274,-0.906127446352888,-0.923879532511287,-0.906127446352888,-0.853553390593274,-0.768177756711416,-0.653281482438188,-0.513279967159337,-0.353553390593274,-0.180239955501737,-0,-0,-0.137949689641472,-0.270598050073099,-0.392847479193551,-0.5,-0.587937801209679,-0.653281482438188,-0.693519922661074,-0.707106781186547,-0.693519922661074,-0.653281482438188,-0.587937801209679,-0.5,-0.392847479193551,-0.270598050073099,-0.137949689641472,-0,-0,-0.0746578340503426,-0.146446609406726,-0.212607523691814,-0.270598050073099,-0.318189645143208,-0.353553390593274,-0.375330277517865,-0.38268343236509,-0.375330277517865,-0.353553390593274,-0.318189645143208,-0.270598050073099,-0.212607523691814,-0.146446609406726,-0.0746578340503426,-0,0,0,0,0,0,0,0,0,0,0,0,0,0,0,0,0,0],[-1,-0.98078528040323,-0.923879532511287,-0.831469612302545,-0.707106781186547,-0.555570233019602,-0.38268343236509,-0.195090322016128,0,0.195090322016128,0.38268343236509,0.555570233019602,0.707106781186547,0.831469612302545,0.923879532511287,0.98078528040323,1,-1,-0.98078528040323,-0.923879532511287,-0.831469612302545,-0.707106781186547,-0.555570233019602,-0.38268343236509,-0.195090322016128,0,0.195090322016128,0.38268343236509,0.555570233019602,0.707106781186547,0.831469612302545,0.923879532511287,0.98078528040323,1,-1,-0.98078528040323,-0.923879532511287,-0.831469612302545,-0.707106781186547,-0.555570233019602,-0.38268343236509,-0.195090322016128,0,0.195090322016128,0.38268343236509,0.555570233019602,0.707106781186547,0.831469612302545,0.923879532511287,0.98078528040323,1,-1,-0.98078528040323,-0.923879532511287,-0.831469612302545,-0.707106781186547,-0.555570233019602,-0.38268343236509,-0.195090322016128,0,0.195090322016128,0.38268343236509,0.555570233019602,0.707106781186547,0.831469612302545,0.923879532511287,0.98078528040323,1,-1,-0.98078528040323,-0.923879532511287,-0.831469612302545,-0.707106781186547,-0.555570233019602,-0.38268343236509,-0.195090322016128,0,0.195090322016128,0.38268343236509,0.555570233019602,0.707106781186547,0.831469612302545,0.923879532511287,0.98078528040323,1,-1,-0.98078528040323,-0.923879532511287,-0.831469612302545,-0.707106781186547,-0.555570233019602,-0.38268343236509,-0.195090322016128,0,0.195090322016128,0.38268343236509,0.555570233019602,0.707106781186547,0.831469612302545,0.923879532511287,0.98078528040323,1,-1,-0.98078528040323,-0.923879532511287,-0.831469612302545,-0.707106781186547,-0.555570233019602,-0.38268343236509,-0.195090322016128,0,0.195090322016128,0.38268343236509,0.555570233019602,0.707106781186547,0.831469612302545,0.923879532511287,0.98078528040323,1,-1,-0.98078528040323,-0.923879532511287,-0.831469612302545,-0.707106781186547,-0.555570233019602,-0.38268343236509,-0.195090322016128,0,0.195090322016128,0.38268343236509,0.555570233019602,0.707106781186547,0.831469612302545,0.923879532511287,0.98078528040323,1,-1,-0.98078528040323,-0.923879532511287,-0.831469612302545,-0.707106781186547,-0.555570233019602,-0.38268343236509,-0.195090322016128,0,0.195090322016128,0.38268343236509,0.555570233019602,0.707106781186547,0.831469612302545,0.923879532511287,0.98078528040323,1,-1,-0.98078528040323,-0.923879532511287,-0.831469612302545,-0.707106781186547,-0.555570233019602,-0.38268343236509,-0.195090322016128,0,0.195090322016128,0.38268343236509,0.555570233019602,0.707106781186547,0.831469612302545,0.923879532511287,0.98078528040323,1,-1,-0.98078528040323,-0.923879532511287,-0.831469612302545,-0.707106781186547,-0.555570233019602,-0.38268343236509,-0.195090322016128,0,0.195090322016128,0.38268343236509,0.555570233019602,0.707106781186547,0.831469612302545,0.923879532511287,0.98078528040323,1,-1,-0.98078528040323,-0.923879532511287,-0.831469612302545,-0.707106781186547,-0.555570233019602,-0.38268343236509,-0.195090322016128,0,0.195090322016128,0.38268343236509,0.555570233019602,0.707106781186547,0.831469612302545,0.923879532511287,0.98078528040323,1,-1,-0.98078528040323,-0.923879532511287,-0.831469612302545,-0.707106781186547,-0.555570233019602,-0.38268343236509,-0.195090322016128,0,0.195090322016128,0.38268343236509,0.555570233019602,0.707106781186547,0.831469612302545,0.923879532511287,0.98078528040323,1,-1,-0.98078528040323,-0.923879532511287,-0.831469612302545,-0.707106781186547,-0.555570233019602,-0.38268343236509,-0.195090322016128,0,0.195090322016128,0.38268343236509,0.555570233019602,0.707106781186547,0.831469612302545,0.923879532511287,0.98078528040323,1,-1,-0.98078528040323,-0.923879532511287,-0.831469612302545,-0.707106781186547,-0.555570233019602,-0.38268343236509,-0.195090322016128,0,0.195090322016128,0.38268343236509,0.555570233019602,0.707106781186547,0.831469612302545,0.923879532511287,0.98078528040323,1,-1,-0.98078528040323,-0.923879532511287,-0.831469612302545,-0.707106781186547,-0.555570233019602,-0.38268343236509,-0.195090322016128,0,0.195090322016128,0.38268343236509,0.555570233019602,0.707106781186547,0.831469612302545,0.923879532511287,0.98078528040323,1,-1,-0.98078528040323,-0.923879532511287,-0.831469612302545,-0.707106781186547,-0.555570233019602,-0.38268343236509,-0.195090322016128,0,0.195090322016128,0.38268343236509,0.555570233019602,0.707106781186547,0.831469612302545,0.923879532511287,0.98078528040323,1],[0,0.195090322016128,0.38268343236509,0.555570233019602,0.707106781186548,0.831469612302545,0.923879532511287,0.98078528040323,1,0.98078528040323,0.923879532511287,0.831469612302545,0.707106781186548,0.555570233019602,0.38268343236509,0.195090322016128,0,0,0.180239955501737,0.353553390593274,0.513279967159337,0.653281482438188,0.768177756711416,0.853553390593274,0.906127446352888,0.923879532511287,0.906127446352888,0.853553390593274,0.768177756711416,0.653281482438188,0.513279967159337,0.353553390593274,0.180239955501737,0,0,0.137949689641472,0.270598050073099,0.392847479193551,0.5,0.587937801209679,0.653281482438188,0.693519922661074,0.707106781186548,0.693519922661074,0.653281482438188,0.587937801209679,0.5,0.392847479193551,0.270598050073099,0.137949689641472,0,0,0.0746578340503426,0.146446609406726,0.212607523691814,0.270598050073099,0.318189645143209,0.353553390593274,0.375330277517865,0.38268343236509,0.375330277517865,0.353553390593274,0.318189645143209,0.270598050073099,0.212607523691814,0.146446609406726,0.0746578340503426,0,0,0,0,0,0,0,0,0,0,0,0,0,0,0,0,0,0,-0,-0.0746578340503426,-0.146446609406726,-0.212607523691814,-0.270598050073099,-0.318189645143208,-0.353553390593274,-0.375330277517865,-0.38268343236509,-0.375330277517865,-0.353553390593274,-0.318189645143208,-0.270598050073099,-0.212607523691814,-0.146446609406726,-0.0746578340503426,-0,-0,-0.137949689641472,-0.270598050073099,-0.392847479193551,-0.5,-0.587937801209679,-0.653281482438188,-0.693519922661074,-0.707106781186547,-0.693519922661074,-0.653281482438188,-0.587937801209679,-0.5,-0.392847479193551,-0.270598050073099,-0.137949689641472,-0,-0,-0.180239955501737,-0.353553390593274,-0.513279967159337,-0.653281482438188,-0.768177756711416,-0.853553390593274,-0.906127446352888,-0.923879532511287,-0.906127446352888,-0.853553390593274,-0.768177756711416,-0.653281482438188,-0.513279967159337,-0.353553390593274,-0.180239955501737,-0,-0,-0.195090322016128,-0.38268343236509,-0.555570233019602,-0.707106781186548,-0.831469612302545,-0.923879532511287,-0.98078528040323,-1,-0.98078528040323,-0.923879532511287,-0.831469612302545,-0.707106781186548,-0.555570233019602,-0.38268343236509,-0.195090322016128,-0,-0,-0.180239955501737,-0.353553390593274,-0.513279967159337,-0.653281482438188,-0.768177756711416,-0.853553390593274,-0.906127446352888,-0.923879532511287,-0.906127446352888,-0.853553390593274,-0.768177756711416,-0.653281482438188,-0.513279967159337,-0.353553390593274,-0.180239955501737,-0,-0,-0.137949689641472,-0.270598050073099,-0.392847479193551,-0.5,-0.58793780120968,-0.653281482438188,-0.693519922661074,-0.707106781186548,-0.693519922661074,-0.653281482438188,-0.58793780120968,-0.5,-0.392847479193551,-0.270598050073099,-0.137949689641472,-0,-0,-0.0746578340503427,-0.146446609406726,-0.212607523691814,-0.270598050073099,-0.318189645143209,-0.353553390593274,-0.375330277517866,-0.38268343236509,-0.375330277517866,-0.353553390593274,-0.318189645143209,-0.270598050073099,-0.212607523691814,-0.146446609406726,-0.0746578340503427,-0,0,0,0,0,0,0,0,0,0,0,0,0,0,0,0,0,0,0,0.0746578340503427,0.146446609406726,0.212607523691814,0.270598050073099,0.318189645143209,0.353553390593274,0.375330277517865,0.38268343236509,0.375330277517865,0.353553390593274,0.318189645143209,0.270598050073099,0.212607523691814,0.146446609406726,0.0746578340503427,0,0,0.137949689641472,0.270598050073098,0.392847479193551,0.5,0.587937801209679,0.653281482438188,0.693519922661074,0.707106781186547,0.693519922661074,0.653281482438188,0.587937801209679,0.5,0.392847479193551,0.270598050073098,0.137949689641472,0,0,0.180239955501737,0.353553390593274,0.513279967159337,0.653281482438188,0.768177756711416,0.853553390593274,0.906127446352888,0.923879532511287,0.906127446352888,0.853553390593274,0.768177756711416,0.653281482438188,0.513279967159337,0.353553390593274,0.180239955501737,0,0,0.195090322016128,0.38268343236509,0.555570233019602,0.707106781186548,0.831469612302545,0.923879532511287,0.98078528040323,1,0.98078528040323,0.923879532511287,0.831469612302545,0.707106781186548,0.555570233019602,0.38268343236509,0.195090322016128,0]],"it":[[0,1,2,3,4,5,6,7,8,9,10,11,12,13,14,15,17,18,19,20,21,22,23,24,25,26,27,28,29,30,31,32,34,35,36,37,38,39,40,41,42,43,44,45,46,47,48,49,51,52,53,54,55,56,57,58,59,60,61,62,63,64,65,66,68,69,70,71,72,73,74,75,76,77,78,79,80,81,82,83,85,86,87,88,89,90,91,92,93,94,95,96,97,98,99,100,102,103,104,105,106,107,108,109,110,111,112,113,114,115,116,117,119,120,121,122,123,124,125,126,127,128,129,130,131,132,133,134,136,137,138,139,140,141,142,143,144,145,146,147,148,149,150,151,153,154,155,156,157,158,159,160,161,162,163,164,165,166,167,168,170,171,172,173,174,175,176,177,178,179,180,181,182,183,184,185,187,188,189,190,191,192,193,194,195,196,197,198,199,200,201,202,204,205,206,207,208,209,210,211,212,213,214,215,216,217,218,219,221,222,223,224,225,226,227,228,229,230,231,232,233,234,235,236,238,239,240,241,242,243,244,245,246,247,248,249,250,251,252,253,255,256,257,258,259,260,261,262,263,264,265,266,267,268,269,270,0,1,2,3,4,5,6,7,8,9,10,11,12,13,14,15,17,18,19,20,21,22,23,24,25,26,27,28,29,30,31,32,34,35,36,37,38,39,40,41,42,43,44,45,46,47,48,49,51,52,53,54,55,56,57,58,59,60,61,62,63,64,65,66,68,69,70,71,72,73,74,75,76,77,78,79,80,81,82,83,85,86,87,88,89,90,91,92,93,94,95,96,97,98,99,100,102,103,104,105,106,107,108,109,110,111,112,113,114,115,116,117,119,120,121,122,123,124,125,126,127,128,129,130,131,132,133,134,136,137,138,139,140,141,142,143,144,145,146,147,148,149,150,151,153,154,155,156,157,158,159,160,161,162,163,164,165,166,167,168,170,171,172,173,174,175,176,177,178,179,180,181,182,183,184,185,187,188,189,190,191,192,193,194,195,196,197,198,199,200,201,202,204,205,206,207,208,209,210,211,212,213,214,215,216,217,218,219,221,222,223,224,225,226,227,228,229,230,231,232,233,234,235,236,238,239,240,241,242,243,244,245,246,247,248,249,250,251,252,253,255,256,257,258,259,260,261,262,263,264,265,266,267,268,269,270],[17,18,19,20,21,22,23,24,25,26,27,28,29,30,31,32,34,35,36,37,38,39,40,41,42,43,44,45,46,47,48,49,51,52,53,54,55,56,57,58,59,60,61,62,63,64,65,66,68,69,70,71,72,73,74,75,76,77,78,79,80,81,82,83,85,86,87,88,89,90,91,92,93,94,95,96,97,98,99,100,102,103,104,105,106,107,108,109,110,111,112,113,114,115,116,117,119,120,121,122,123,124,125,126,127,128,129,130,131,132,133,134,136,137,138,139,140,141,142,143,144,145,146,147,148,149,150,151,153,154,155,156,157,158,159,160,161,162,163,164,165,166,167,168,170,171,172,173,174,175,176,177,178,179,180,181,182,183,184,185,187,188,189,190,191,192,193,194,195,196,197,198,199,200,201,202,204,205,206,207,208,209,210,211,212,213,214,215,216,217,218,219,221,222,223,224,225,226,227,228,229,230,231,232,233,234,235,236,238,239,240,241,242,243,244,245,246,247,248,249,250,251,252,253,255,256,257,258,259,260,261,262,263,264,265,266,267,268,269,270,272,273,274,275,276,277,278,279,280,281,282,283,284,285,286,287,18,19,20,21,22,23,24,25,26,27,28,29,30,31,32,33,35,36,37,38,39,40,41,42,43,44,45,46,47,48,49,50,52,53,54,55,56,57,58,59,60,61,62,63,64,65,66,67,69,70,71,72,73,74,75,76,77,78,79,80,81,82,83,84,86,87,88,89,90,91,92,93,94,95,96,97,98,99,100,101,103,104,105,106,107,108,109,110,111,112,113,114,115,116,117,118,120,121,122,123,124,125,126,127,128,129,130,131,132,133,134,135,137,138,139,140,141,142,143,144,145,146,147,148,149,150,151,152,154,155,156,157,158,159,160,161,162,163,164,165,166,167,168,169,171,172,173,174,175,176,177,178,179,180,181,182,183,184,185,186,188,189,190,191,192,193,194,195,196,197,198,199,200,201,202,203,205,206,207,208,209,210,211,212,213,214,215,216,217,218,219,220,222,223,224,225,226,227,228,229,230,231,232,233,234,235,236,237,239,240,241,242,243,244,245,246,247,248,249,250,251,252,253,254,256,257,258,259,260,261,262,263,264,265,266,267,268,269,270,271,273,274,275,276,277,278,279,280,281,282,283,284,285,286,287,288],[18,19,20,21,22,23,24,25,26,27,28,29,30,31,32,33,35,36,37,38,39,40,41,42,43,44,45,46,47,48,49,50,52,53,54,55,56,57,58,59,60,61,62,63,64,65,66,67,69,70,71,72,73,74,75,76,77,78,79,80,81,82,83,84,86,87,88,89,90,91,92,93,94,95,96,97,98,99,100,101,103,104,105,106,107,108,109,110,111,112,113,114,115,116,117,118,120,121,122,123,124,125,126,127,128,129,130,131,132,133,134,135,137,138,139,140,141,142,143,144,145,146,147,148,149,150,151,152,154,155,156,157,158,159,160,161,162,163,164,165,166,167,168,169,171,172,173,174,175,176,177,178,179,180,181,182,183,184,185,186,188,189,190,191,192,193,194,195,196,197,198,199,200,201,202,203,205,206,207,208,209,210,211,212,213,214,215,216,217,218,219,220,222,223,224,225,226,227,228,229,230,231,232,233,234,235,236,237,239,240,241,242,243,244,245,246,247,248,249,250,251,252,253,254,256,257,258,259,260,261,262,263,264,265,266,267,268,269,270,271,273,274,275,276,277,278,279,280,281,282,283,284,285,286,287,288,1,2,3,4,5,6,7,8,9,10,11,12,13,14,15,16,18,19,20,21,22,23,24,25,26,27,28,29,30,31,32,33,35,36,37,38,39,40,41,42,43,44,45,46,47,48,49,50,52,53,54,55,56,57,58,59,60,61,62,63,64,65,66,67,69,70,71,72,73,74,75,76,77,78,79,80,81,82,83,84,86,87,88,89,90,91,92,93,94,95,96,97,98,99,100,101,103,104,105,106,107,108,109,110,111,112,113,114,115,116,117,118,120,121,122,123,124,125,126,127,128,129,130,131,132,133,134,135,137,138,139,140,141,142,143,144,145,146,147,148,149,150,151,152,154,155,156,157,158,159,160,161,162,163,164,165,166,167,168,169,171,172,173,174,175,176,177,178,179,180,181,182,183,184,185,186,188,189,190,191,192,193,194,195,196,197,198,199,200,201,202,203,205,206,207,208,209,210,211,212,213,214,215,216,217,218,219,220,222,223,224,225,226,227,228,229,230,231,232,233,234,235,236,237,239,240,241,242,243,244,245,246,247,248,249,250,251,252,253,254,256,257,258,259,260,261,262,263,264,265,266,267,268,269,270,271]],"primitivetype":"triangle","material":null,"normals":null,"texcoords":[[0,0,0,0,0,0,0,0,0,0,0,0,0,0,0,0,0,0.0625,0.0625,0.0625,0.0625,0.0625,0.0625,0.0625,0.0625,0.0625,0.0625,0.0625,0.0625,0.0625,0.0625,0.0625,0.0625,0.0625,0.1